#Elapsed Time (secs),Bytes Received,Requests Serviced, Requests Failed, Comment
   0.01422,       1024,          0,          0, (null)
   0.03741,       2048,          0,          0, (null)
   0.05813,       3072,          0,          0, (null)
   0.08617,       4096,          0,          0, (null)
   0.10079,       5120,          0,          0, (null)
   0.11819,       6144,          0,          0, (null)
   0.12216,       7168,          0,          0, (null)
   0.12225,       8192,          0,          0, (null)
   0.12234,       9216,          0,          0, (null)
   0.12243,      10240,          0,          0, (null)
   0.12251,      11264,          0,          0, (null)
   0.12260,      12288,          0,          0, (null)
   0.13255,      13312,          0,          0, (null)
   0.13266,      14336,          0,          0, (null)
   0.13283,      15360,          0,          0, (null)
   0.13299,      16384,          0,          0, (null)
   0.13315,      17408,          0,          0, (null)
   0.13331,      18432,          0,          0, (null)
   0.13359,      20480,          0,          0, (null)
   0.13406,      21504,          0,          0, (null)
   0.13441,      23552,          0,          0, (null)
   0.13472,      25600,          0,          0, (null)
   0.13505,      27648,          0,          0, (null)
   0.13532,      29696,          0,          0, (null)
   0.13555,      31744,          0,          0, (null)
   0.13568,      32768,          0,          0, (null)
   0.13580,      33792,          0,          0, (null)
   0.13593,      34816,          0,          0, (null)
   0.13607,      35840,          0,          0, (null)
   0.13620,      36864,          0,          0, (null)
   0.13632,      37888,          0,          0, (null)
   0.13645,      38912,          0,          0, (null)
   0.13947,      43008,          0,          0, (null)
   0.13960,      45056,          0,          0, (null)
   0.13971,      47104,          0,          0, (null)
   0.13982,      49152,          0,          0, (null)
   0.13992,      51200,          0,          0, (null)
   0.14003,      53248,          0,          0, (null)
   0.14014,      55296,          0,          0, (null)
   0.14024,      57344,          0,          0, (null)
   0.14035,      59392,          0,          0, (null)
   0.14046,      61440,          0,          0, (null)
   0.14056,      63488,          0,          0, (null)
   0.14067,      65536,          0,          0, (null)
   0.14076,      66560,          0,          0, (null)
   0.14091,      68608,          0,          0, (null)
   0.14101,      70656,          0,          0, (null)
   0.14112,      72704,          0,          0, (null)
   0.14122,      74752,          0,          0, (null)
   0.14133,      76800,          0,          0, (null)
   0.14143,      78848,          0,          0, (null)
   0.14154,      80896,          0,          0, (null)
   0.14164,      82944,          0,          0, (null)
   0.14175,      84992,          0,          0, (null)
   0.14186,      87040,          0,          0, (null)
   0.14196,      88064,          0,          0, (null)
   0.14218,      89088,          0,          0, (null)
   0.14225,      90112,          0,          0, (null)
   0.14618,      91136,          0,          0, (null)
   0.14628,      92160,          0,          0, (null)
   0.14641,      93184,          0,          0, (null)
   0.14653,      94208,          0,          0, (null)
   0.14668,      95232,          0,          0, (null)
   0.14681,      96256,          0,          0, (null)
   0.14693,      97280,          0,          0, (null)
   0.14706,      98304,          0,          0, (null)
   0.14718,      99328,          0,          0, (null)
   0.14731,     100352,          0,          0, (null)
   0.14743,     101376,          0,          0, (null)
   0.14758,     102400,          0,          0, (null)
   0.14770,     103424,          0,          0, (null)
   0.14786,     104448,          0,          0, (null)
   0.14798,     105472,          0,          0, (null)
   0.14811,     106496,          0,          0, (null)
   0.14825,     107520,          0,          0, (null)
   0.14837,     108544,          0,          0, (null)
   0.14850,     109568,          0,          0, (null)
   0.14862,     110592,          0,          0, (null)
   0.14875,     111616,          0,          0, (null)
   0.14888,     112640,          0,          0, (null)
   0.14903,     113664,          0,          0, (null)
   0.14916,     114688,          0,          0, (null)
   0.14929,     115712,          0,          0, (null)
   0.14941,     116736,          0,          0, (null)
   0.14954,     117760,          0,          0, (null)
   0.14966,     118784,          0,          0, (null)
   0.14979,     119808,          0,          0, (null)
   0.14991,     120832,          0,          0, (null)
   0.15004,     121856,          0,          0, (null)
   0.15021,     122880,          0,          0, (null)
   0.15029,     123904,          0,          0, (null)
   0.15037,     124928,          0,          0, (null)
   0.15045,     125952,          0,          0, (null)
   0.15052,     126976,          0,          0, (null)
   0.15060,     128000,          0,          0, (null)
   0.15068,     129024,          0,          0, (null)
   0.15076,     130048,          0,          0, (null)
   0.15083,     131072,          0,          0, (null)
   0.15091,     132096,          0,          0, (null)
   0.15099,     133120,          0,          0, (null)
   0.15106,     134144,          0,          0, (null)
   0.15114,     135168,          0,          0, (null)
   0.15122,     136192,          0,          0, (null)
   0.15129,     137216,          0,          0, (null)
   0.15141,     138240,          0,          0, (null)
   0.15149,     139264,          0,          0, (null)
   0.15157,     140288,          0,          0, (null)
   0.15164,     141312,          0,          0, (null)
   0.15172,     142336,          0,          0, (null)
   0.15179,     143360,          0,          0, (null)
   0.15187,     144384,          0,          0, (null)
   0.15195,     145408,          0,          0, (null)
   0.15202,     146432,          0,          0, (null)
   0.15210,     147456,          0,          0, (null)
   0.15218,     148480,          0,          0, (null)
   0.15225,     149504,          0,          0, (null)
   0.15233,     150528,          0,          0, (null)
   0.15240,     151552,          0,          0, (null)
   0.15248,     152576,          0,          0, (null)
   0.15259,     153600,          0,          0, (null)
   0.15267,     154624,          0,          0, (null)
   0.15274,     155648,          0,          0, (null)
   0.15282,     156672,          0,          0, (null)
   0.15290,     157696,          0,          0, (null)
   0.15297,     158720,          0,          0, (null)
   0.15305,     159744,          0,          0, (null)
   0.15313,     160768,          0,          0, (null)
   0.15321,     161792,          0,          0, (null)
   0.15329,     162816,          0,          0, (null)
   0.15336,     163840,          0,          0, (null)
   0.15344,     164864,          0,          0, (null)
   0.15352,     165888,          0,          0, (null)
   0.15360,     166912,          0,          0, (null)
   0.15368,     167936,          0,          0, (null)
   0.15377,     168960,          0,          0, (null)
   0.15385,     169984,          0,          0, (null)
   0.15393,     171008,          0,          0, (null)
   0.15400,     172032,          0,          0, (null)
   0.15408,     173056,          0,          0, (null)
   0.15417,     174080,          0,          0, (null)
   0.15425,     175104,          0,          0, (null)
   0.15433,     176128,          0,          0, (null)
   0.15440,     177152,          0,          0, (null)
   0.15448,     178176,          0,          0, (null)
   0.15456,     179200,          0,          0, (null)
   0.15463,     180224,          0,          0, (null)
   0.15471,     181248,          0,          0, (null)
   0.15479,     182272,          0,          0, (null)
   0.15488,     183296,          0,          0, (null)
   0.15496,     184320,          0,          0, (null)
   0.15504,     185344,          0,          0, (null)
   0.15512,     186368,          0,          0, (null)
   0.15521,     187392,          0,          0, (null)
   0.15530,     189440,          0,          0, (null)
   0.15540,     191488,          0,          0, (null)
   0.15551,     193536,          0,          0, (null)
   0.15561,     195584,          0,          0, (null)
   0.15572,     197632,          0,          0, (null)
   0.15582,     199680,          0,          0, (null)
   0.15593,     201728,          0,          0, (null)
   0.15605,     203776,          0,          0, (null)
   0.15621,     205824,          0,          0, (null)
   0.15632,     207872,          0,          0, (null)
   0.15642,     209920,          0,          0, (null)
   0.15653,     211968,          0,          0, (null)
   0.15663,     214016,          0,          0, (null)
   0.15726,     215040,          0,          0, (null)
   0.15844,     216064,          0,          0, (null)
   0.15921,     217088,          0,          0, (null)
   0.15967,     218112,          0,          0, (null)
   0.15995,     219136,          0,          0, (null)
   0.16612,     220160,          0,          0, (null)
   0.16852,     221184,          0,          0, (null)
   0.16857,     222208,          0,          0, (null)
   0.16862,     223232,          0,          0, (null)
   0.16866,     224256,          0,          0, (null)
   0.16870,     225280,          0,          0, (null)
   0.16874,     226304,          0,          0, (null)
   0.16879,     227328,          0,          0, (null)
   0.16883,     228352,          0,          0, (null)
   0.16888,     229376,          0,          0, (null)
   0.16892,     230400,          0,          0, (null)
   0.16897,     231424,          0,          0, (null)
   0.16910,     232448,          0,          0, (null)
   0.16918,     233174,          0,          0, (null)
   0.17411,     233174,          1,          0, /courses/ud923/filecorpus/paraglider.jpg
  10.73847,     233174,          1,          1, /courses/ud923/filecorpus/yellowstone.jpg
